50
36
43
69
82
48
34
62
35
15
59
139
46
37
42
30
55
56
36
82
38
89
54
25
35
24
22
9
55
19
23
23
23
34
34
34
45
45
56
57
56
45
98
56
34
145
65
34
23
56
68
56
34
83
9
24
11
53
80
43
98
15
15
7
59
26
10
62
48
90
12
23
32
45
56
48
46
23
19
56
48
48
56
124
126
18
49
16
32
45
56
48
46
23
19
56
48
48
56
124
126
18
49
16
18
56
98
48
26
48
15
62
97
26
26
98
32
45
56
48
46
23
19
56
48
48
56
124
126
18